ACCURACY: [0.8918919]
SENSITIVITY: [1.]
SPECIFICITY: [0.6363636]

PPV: [0.8666667]
NPV: [1.]

PRECISION: [0.8666667]
RECALL: [1.]
F1-score: 0.9285714030265808

AUC: 0.9685314685314685