ACCURACY: [0.8787879]
SENSITIVITY: [0.9259259]
SPECIFICITY: [0.6666667]

PPV: [0.9259259]
NPV: [0.6666667]

PRECISION: [0.9259259]
RECALL: [0.9259259]
F1-score: 0.9259258508682251

AUC: 0.9135802469135803