ACCURACY: [0.8787879]
SENSITIVITY: [0.95454544]
SPECIFICITY: [0.72727275]

PPV: [0.875]
NPV: [0.8888889]

PRECISION: [0.875]
RECALL: [0.95454544]
F1-score: 0.9130433797836304

AUC: 0.859504132231405