ACCURACY: [0.92814374]
SENSITIVITY: [0.9610895]
SPECIFICITY: [0.8181818]

PPV: [0.9463602]
NPV: [0.8630137]

PRECISION: [0.9463602]
RECALL: [0.9610895]
F1-score: 0.9536678791046143

AUC: 0.9109101015715803