ACCURACY: [0.93939394]
SENSITIVITY: [1.]
SPECIFICITY: [0.5]

PPV: [0.9354839]
NPV: [1.]

PRECISION: [0.9354839]
RECALL: [1.]
F1-score: 0.966666579246521

AUC: 0.8189655172413793