ACCURACY: [0.93939394]
SENSITIVITY: [0.9285714]
SPECIFICITY: [1.]

PPV: [1.]
NPV: [0.71428573]

PRECISION: [1.]
RECALL: [0.9285714]
F1-score: 0.9629628658294678

AUC: 0.9928571428571429