ACCURACY: [0.9131737]
SENSITIVITY: [0.95719844]
SPECIFICITY: [0.76623374]

PPV: [0.9318182]
NPV: [0.8428571]

PRECISION: [0.9318182]
RECALL: [0.95719844]
F1-score: 0.944337785243988

AUC: 0.8766991763100712