ACCURACY: [0.8787879]
SENSITIVITY: [0.95652175]
SPECIFICITY: [0.7]

PPV: [0.88]
NPV: [0.875]

PRECISION: [0.88]
RECALL: [0.95652175]
F1-score: 0.916666567325592

AUC: 0.8913043478260869