ACCURACY: [0.8484849]
SENSITIVITY: [0.84]
SPECIFICITY: [0.875]

PPV: [0.95454544]
NPV: [0.6363636]

PRECISION: [0.95454544]
RECALL: [0.84]
F1-score: 0.8936169147491455

AUC: 0.8