ACCURACY: [0.7878788]
SENSITIVITY: [0.90909094]
SPECIFICITY: [0.54545456]

PPV: [0.8]
NPV: [0.75]

PRECISION: [0.8]
RECALL: [0.90909094]
F1-score: 0.8510637879371643

AUC: 0.8760330578512396