ACCURACY: [0.90909094]
SENSITIVITY: [0.9259259]
SPECIFICITY: [0.8333333]

PPV: [0.96153843]
NPV: [0.71428573]

PRECISION: [0.96153843]
RECALL: [0.9259259]
F1-score: 0.9433961510658264

AUC: 0.962962962962963