ACCURACY: [0.90909094]
SENSITIVITY: [0.95454544]
SPECIFICITY: [0.8181818]

PPV: [0.9130435]
NPV: [0.9]

PRECISION: [0.9130435]
RECALL: [0.95454544]
F1-score: 0.9333332180976868

AUC: 0.8471074380165289