ACCURACY: [0.90909094]
SENSITIVITY: [0.95652175]
SPECIFICITY: [0.8]

PPV: [0.9166667]
NPV: [0.8888889]

PRECISION: [0.9166667]
RECALL: [0.95652175]
F1-score: 0.9361701607704163

AUC: 0.9652173913043478