ACCURACY: [0.93939394]
SENSITIVITY: [1.]
SPECIFICITY: [0.6666667]

PPV: [0.9310345]
NPV: [1.]

PRECISION: [0.9310345]
RECALL: [1.]
F1-score: 0.9642856121063232

AUC: 0.8271604938271606