ACCURACY: [0.94311374]
SENSITIVITY: [0.97276264]
SPECIFICITY: [0.84415585]

PPV: [0.9541985]
NPV: [0.9027778]

PRECISION: [0.9541985]
RECALL: [0.97276264]
F1-score: 0.9633910655975342

AUC: 0.933195209459801