ACCURACY: [0.9459459]
SENSITIVITY: [1.]
SPECIFICITY: [0.8181818]

PPV: [0.9285714]
NPV: [1.]

PRECISION: [0.9285714]
RECALL: [1.]
F1-score: 0.9629628658294678

AUC: 0.951048951048951