ACCURACY: [0.8484849]
SENSITIVITY: [0.95454544]
SPECIFICITY: [0.6363636]

PPV: [0.84]
NPV: [0.875]

PRECISION: [0.84]
RECALL: [0.95454544]
F1-score: 0.8936169147491455

AUC: 0.8512396694214877