ACCURACY: [0.969697]
SENSITIVITY: [1.]
SPECIFICITY: [0.8333333]

PPV: [0.96428573]
NPV: [1.]

PRECISION: [0.96428573]
RECALL: [1.]
F1-score: 0.9818181395530701

AUC: 0.8703703703703705