ACCURACY: [0.969697]
SENSITIVITY: [1.]
SPECIFICITY: [0.85714287]

PPV: [0.962963]
NPV: [1.]

PRECISION: [0.962963]
RECALL: [1.]
F1-score: 0.9811320304870605

AUC: 0.9780219780219781