ACCURACY: [0.90909094]
SENSITIVITY: [0.962963]
SPECIFICITY: [0.6666667]

PPV: [0.9285714]
NPV: [0.8]

PRECISION: [0.9285714]
RECALL: [0.962963]
F1-score: 0.945454478263855

AUC: 0.9382716049382717