ACCURACY: [0.969697]
SENSITIVITY: [0.9655172]
SPECIFICITY: [1.]

PPV: [1.]
NPV: [0.8]

PRECISION: [1.]
RECALL: [0.9655172]
F1-score: 0.9824560284614563

AUC: 0.9913793103448276