ACCURACY: [0.93413174]
SENSITIVITY: [0.96498054]
SPECIFICITY: [0.83116883]

PPV: [0.95019156]
NPV: [0.8767123]

PRECISION: [0.95019156]
RECALL: [0.96498054]
F1-score: 0.9575288891792297

AUC: 0.9142705543483753