ACCURACY: [0.8787879]
SENSITIVITY: [0.9130435]
SPECIFICITY: [0.8]

PPV: [0.9130435]
NPV: [0.8]

PRECISION: [0.9130435]
RECALL: [0.9130435]
F1-score: 0.9130434393882751

AUC: 0.908695652173913