ACCURACY: [0.88323355]
SENSITIVITY: [0.93385214]
SPECIFICITY: [0.71428573]

PPV: [0.9160305]
NPV: [0.7638889]

PRECISION: [0.9160305]
RECALL: [0.93385214]
F1-score: 0.9248554110527039

AUC: 0.854110869675072