ACCURACY: [0.75757575]
SENSITIVITY: [0.8636364]
SPECIFICITY: [0.54545456]

PPV: [0.7916667]
NPV: [0.6666667]

PRECISION: [0.7916667]
RECALL: [0.8636364]
F1-score: 0.8260869383811951

AUC: 0.75