ACCURACY: [0.8787879]
SENSITIVITY: [0.9166667]
SPECIFICITY: [0.7777778]

PPV: [0.9166667]
NPV: [0.7777778]

PRECISION: [0.9166667]
RECALL: [0.9166667]
F1-score: 0.9166666269302368

AUC: 0.912037037037037