ACCURACY: [0.7878788]
SENSITIVITY: [0.84]
SPECIFICITY: [0.625]

PPV: [0.875]
NPV: [0.5555556]

PRECISION: [0.875]
RECALL: [0.84]
F1-score: 0.8571428060531616

AUC: 0.705