ACCURACY: [0.8787879]
SENSITIVITY: [0.8888889]
SPECIFICITY: [0.8333333]

PPV: [0.96]
NPV: [0.625]

PRECISION: [0.96]
RECALL: [0.8888889]
F1-score: 0.9230768084526062

AUC: 0.962962962962963