ACCURACY: [0.8484849]
SENSITIVITY: [0.9130435]
SPECIFICITY: [0.7]

PPV: [0.875]
NPV: [0.7777778]

PRECISION: [0.875]
RECALL: [0.9130435]
F1-score: 0.8936169743537903

AUC: 0.8260869565217391