ACCURACY: [0.93939394]
SENSITIVITY: [0.9655172]
SPECIFICITY: [0.75]

PPV: [0.9655172]
NPV: [0.75]

PRECISION: [0.9655172]
RECALL: [0.9655172]
F1-score: 0.9655171632766724

AUC: 0.9568965517241379