ACCURACY: [0.9189189]
SENSITIVITY: [1.]
SPECIFICITY: [0.72727275]

PPV: [0.8965517]
NPV: [1.]

PRECISION: [0.8965517]
RECALL: [1.]
F1-score: 0.945454478263855

AUC: 0.8776223776223776