ACCURACY: [0.90909094]
SENSITIVITY: [0.96153843]
SPECIFICITY: [0.71428573]

PPV: [0.9259259]
NPV: [0.8333333]

PRECISION: [0.9259259]
RECALL: [0.96153843]
F1-score: 0.9433961510658264

AUC: 0.8736263736263736